0         0
    0.0006    0.0043
    0.0023    0.0084
    0.0052    0.0125
    0.0093    0.0165
    0.0145    0.0203
    0.0209    0.0241
    0.0283    0.0277
    0.0369    0.0312
    0.0466    0.0345
    0.0573    0.0376
    0.0690    0.0406
    0.0818    0.0434
    0.0955    0.0460
    0.1102    0.0485
    0.1257    0.0507
    0.1422    0.0526
    0.1595    0.0544
    0.1776    0.0559
    0.1964    0.0572
    0.2160    0.0582
    0.2362    0.0590
    0.2570    0.0596
    0.2784    0.0599
    0.3003    0.0600
    0.3227    0.0599
    0.3455    0.0596
    0.3686    0.0590
    0.3921    0.0583
    0.4158    0.0574
    0.4397    0.0563
    0.4638    0.0551
    0.4879    0.0537
    0.5121    0.0522
    0.5362    0.0505
    0.5603    0.0488
    0.5842    0.0469
    0.6079    0.0450
    0.6314    0.0430
    0.6545    0.0409
    0.6773    0.0388
    0.6997    0.0367
    0.7216    0.0345
    0.7430    0.0323
    0.7638    0.0302
    0.7840    0.0280
    0.8036    0.0258
    0.8224    0.0237
    0.8405    0.0216
    0.8578    0.0196
    0.8743    0.0176
    0.8898    0.0157
    0.9045    0.0139
    0.9182    0.0122
    0.9310    0.0105
    0.9427    0.0090
    0.9534    0.0076
    0.9631    0.0063
    0.9717    0.0052
    0.9791    0.0042
    0.9855    0.0033
    0.9907    0.0026
    0.9948    0.0020
    0.9977    0.0016
    0.9994    0.0013
    1.0000    0.0013
    1.0000   -0.0013
    0.9994   -0.0013
    0.9977   -0.0016
    0.9948   -0.0020
    0.9907   -0.0026
    0.9855   -0.0033
    0.9791   -0.0042
    0.9717   -0.0052
    0.9631   -0.0063
    0.9534   -0.0076
    0.9427   -0.0090
    0.9310   -0.0105
    0.9182   -0.0122
    0.9045   -0.0139
    0.8898   -0.0157
    0.8743   -0.0176
    0.8578   -0.0196
    0.8405   -0.0216
    0.8224   -0.0237
    0.8036   -0.0258
    0.7840   -0.0280
    0.7638   -0.0302
    0.7430   -0.0323
    0.7216   -0.0345
    0.6997   -0.0367
    0.6773   -0.0388
    0.6545   -0.0409
    0.6314   -0.0430
    0.6079   -0.0450
    0.5842   -0.0469
    0.5603   -0.0488
    0.5362   -0.0505
    0.5121   -0.0522
    0.4879   -0.0537
    0.4638   -0.0551
    0.4397   -0.0563
    0.4158   -0.0574
    0.3921   -0.0583
    0.3686   -0.0590
    0.3455   -0.0596
    0.3227   -0.0599
    0.3003   -0.0600
    0.2784   -0.0599
    0.2570   -0.0596
    0.2362   -0.0590
    0.2160   -0.0582
    0.1964   -0.0572
    0.1776   -0.0559
    0.1595   -0.0544
    0.1422   -0.0526
    0.1257   -0.0507
    0.1102   -0.0485
    0.0955   -0.0460
    0.0818   -0.0434
    0.0690   -0.0406
    0.0573   -0.0376
    0.0466   -0.0345
    0.0369   -0.0312
    0.0283   -0.0277
    0.0209   -0.0241
    0.0145   -0.0203
    0.0093   -0.0165
    0.0052   -0.0125
    0.0023   -0.0084
    0.0006   -0.0043
         0         0